class 1
96  38  63  98  59
 0  35  18  13  74
80  26  43   7  92
97  11  62  44  77

79   8  17  75  56
81  91   5  23  68
21  86  70  41  99
60  51  82  55   3
87  90  31  89  46
27  37  85  88  93
78  58   4  14   6
29  12  52  20  36
15  66  67  84  65
16  57  83  95  54
 1  40  25  33  69
94  47  24  76  61
53  64   2  50  72
73  49   9  45  42
30  28  71  39  32
34  19  22  48  10

class 2
73  56  77   9   1
51  54  13  23  91
63  74  83  71  26
52  62  42  88  19

28  85  37  18  78
67  33  87  39  53
45  70  84  29  11
65  34  21  95  86
12   8  17   0  68
40   5  49  47  82
41  97  89  31  99
90  76  93  24  46
22  32  15  80   3
69  66  25  36  79
96  16  38  75  44
72  98  20   7   6
27  14  55  30  60
 2   4  43  48  61
92  10  81  58  50
59  35  57  64  94

class 3
84  59  40  10  25
50  62  83  32  35
42  17  64  11  98
88  15  68   0  73

43  39  58  70  13
49  89   6  55  14
20  77  41  30  12
 7  60  94  37  90
85  87  81  45  27
69   8  97  79  31
 1   5  47  76  66
72  21  33  36  19
57  28  71   2  54
 9  26  46  63  61
86  80  56  44  23
74  34  22  95  52
29  93  53  91  96
75  18   3  92  24
48  38  65  99  82
16  51  67  78   4

class 4
29  22  65   8   0
97  81  16  32  50
54  27  23  67  20
82  89  48  98  31

39  70  21  61  87
85  56  58  94  77
 2   6  64  96  84
17  83  42  51  37
35  18  30  59  13
72  79  66  14  40
91  49  25  12  43
19  69   3  75  90
86  62   5  24  63
73   1   9  28  71
11  41  45  92  74
44  47  88  33   4
26  52  46  76  99
57  93  36   7  55
15  95  53  80  34
10  38  68  60  78

class 5
40  54  52  70  92
75  56   9  96  62
72  55  31  20  95
13  10  74  58  57

66  30  47  59  99
48  88   7  33  85
 5  71  87  14  23
32  65  15   2  91
36  29   3  97  69
 4  51  77  37  17
60  76  64  68  26
19  21  46  50  43
45  41  90   8  94
61  34  28  82  93
39  53  25  83   1
73  98  79  12  11
 6  18  78  27  89
24  63   0  49  81
67  22  38  84  80
35  16  42  44  86

class 6
25  79  35  64  50
66   7  32  11  15
72  61  30   8  28
13  87  18   6  23

51  12  46  22  40
95  81  33  91  83
78  55  89   4  49
92  99  29  73  58
56  24  70  43  84
82  57  47  20  88
71   3  34  53  10
90  21  26  37  69
85  98  14   9   5
45  36  67  39  94
42  59  52   2  19
41  76  65   1  44
54  17  62   0  75
74  38  16  77  68
31  48  27  80  86
60  97  96  93  63

class 7
78   1  31  98  74
66  16   0  63  79
62  52  40  32  23
14  99  94  72  75

86  77  17  27  71
15  30  20  44  45
 4  49  92  48  76
97  28  90  13  55
51  68  95  60  91
35  53  33  10  43
67  59  96  69  83
29   9  93  25  57
70  41   5   6  54
50  58  87  37  73
47  18  26  24  46
65  12  81  39  82
34  38  85  36  61
19  84  89  42  11
88   2  22   3  56
 8  64  80   7  21

class 8
77  23  92  10  54
86  24  42   7  62
68  65  97  18  32
64  85  39  25  49

 8  67  14  34  30
66  45  50  96  84
78  98  90  52   9
51  55  56  27  89
38  61  21  41  58
19   2  20  53   1
44  70  37  16  60
 0  31  36  94  43
82   5  13  40  59
69  80  26  57  72
83  17  87   3  15
22   4  74  99  71
11  47  12  75  79
91  33  29  46  48
93  28   6  81  35
76  95  63  88  73

class 9
34  77   8   9  67
92  17  46  70  25
55  37  58  88  74
60  51  23  84  95

64  11  38  98  10
33  16  72  83  68
 3  75   2   6   0
15  85  48  35  94
52  20  14  36  27
45  69  76  40  90
18  13  50  82  53
43  63  66  89  87
42  91  59  81  47
78  39  61  54  80
26  56  44   4  22
49  30   5  65  21
79  12  93  73  57
 1  99  97  19  31
29  62  28  71  24
32  96   7  41  86

class 10
83  75  92  88  64
 7  62   5   0   2
80  58  76  16  87
69  63  23  70  91

82  96  67  56  14
94  50  15  98  33
20  36  35  49   1
51  73  90  22  28
53  45  47  10  78
79  41  97  17  37
42  99   3  38  29
13  39  95  86  25
93  61   6  21  59
40   8  65  31  71
55  44  74  89  84
26  57  72  77  34
 9  54  11  12  60
43  81   4  85  19
27  32  66  24  46
18  68  30  52  48